62175
35834
536279
620443
268023
478240
175240
650382
122865
64264
346226
130873
159089
162349
621844
277620
403828
436769
607847
18049
340572
288207
124869
117344
470005
201114
452555
518746
448296
256432
308414
508343
292264
190370
474463
558159
12162
647575
552092
132899
55390
241869
263770
214478
404216
231291
489970
153722
11611
443494
171769
352182
77378
294510
467398
545256
493496
263504
409679
285343
517808
61644
139363
155749
252012
613824
57460
262046
604951
609550
394944
6018
194971
2265
220494
599185
233555
54016
98584
243038
497508
268225
593092
572759
560607
406167
463692
399780
13222
216922
30800
531028
278564
168035
30329
528448
125411
85661
136172
76039
38762
528988
82055
233731
531251
300422
178594
108357
354436
275050
351394
195495
541148
290163
111805
447432
39882
575495
190764
50976
135968
219436
582003
414530
387470
610204
288656
510753
41542
422700
586790
80302
295239
14522
314032
172167
312816
490498
278397
12929
111225
629789
206297
652371
263503
318100
443355
301257
237147
631991
352232
373113
194978
279912
131195
582446
233667
419849
436750
275207
186100
369217
355507
481337
381612
13090
651376
40105
503586
275450
50907
614810
248790
255076
610732
510166
573174
397638
157100
155998
375306
509330
526984
570283
132793
3856
496280
366458
421577
278708
641663
607675
645797
340722
432563
373086
353810
429616
411064
203074
