6900
360
268139
153600
25528
840
35490
53340
16380
5838
86460
130874
7576
36895
15546
1320
302874
1757
3726
376
2100
31020
3492
6984
2040
67044
30170
21510
37356
240
13968
29640
792
95190
71890
106344
2028
647600
4248
23856
3990
7524
35490
36555
151584
1380
65940
2850
684
221748
23310
9672
16584
294540
6786
45444
16824
4224
102090
285344
32364
2340
5104
35395
10500
1104
8190
393072
8288
155400
7920
1044
4872
100
110244
49980
2840
1344
12324
20424
9420
134100
71760
21695
6028
135388
13644
2220
300
16269
600
398274
51240
2400
5446
8592
30730
4283
50286
12673
9690
396744
5470
39792
10472
25035
72114
17100
44304
8250
30552
130340
199578
192820
54810
4680
1224
575490
9096
2088
1824
1656
64668
207270
193740
6840
27060
5580
31155
26400
880170
12045
1656
1242
18612
57388
3528
31992
52920
1848
5300
317262
1512
144972
263504
7950
4480
16020
79764
315995
7338
9576
26424
108
2070
35520
7416
222282
655500
91736
4650
18438
11468
77640
24360
360
11100
21630
41700
118200
2380
14640
248820
6996
37560
255084
9096
26508
23550
116997
9240
8370
10404
54696
68894
120
9810
22140
113498
23226
291720
151200
17930
2472
352
3024
53070
3660
51384
101538
